25 25
9.676,111.81
10.29,15.548
7.16,45.348
4.694,13.46
25 50
11.806,174.854
17.836,29.656
9.99,118.714
7.142,24.542
25 99
14.936,285.728
33.366,59.634
10.326,151.404
8.428,41.154
50 25
18.052,246.65
28.472,57.734
12.632,145.532
9.624,52.038
50 50
24.608,429.346
54.526,113.99
16.104,247.276
14.584,101.568
50 99
37.294,961.972
112.182,226.988
22.966,489.342
26.7,207.438
75 25
37.472,596.636
69.214,161.108
25.264,342.524
18.382,157.052
75 50
63.83,1343.01
166.268,342.422
33.468,713.246
53.008,333.782
75 99
141.77,3216.9
488.76,851.584
64.87,1528.57
116.274,801.104
100 25
63.864,1166.22
121.184,347.094
37.204,660.506
35.944,366.196
100 50
145.418,2805.14
297.39,788.966
64.666,1346.72
96.074,789.278
100 99
380.698,7097.85
664.26,1575.29
169.304,3721.57
199.818,1556.65
125 25
123.746,2081.28
269.584,624.124
60.746,1152.87
139.188,751.7
125 50
336.256,6379.74
595.286,1664.06
130.054,3451.03
240.756,1947.64
125 99
629.472,15503.7
1222.57,3411.3
270.162,8335.62
505.35,3697.34
150 25
229.822,4008.87
583.544,1231.99
90.216,2176.94
329.12,1346.98
150 50
